skewness = 0.13199824287956274
kurtosis = 3.0859658909339283